3 4
0.631170
-0.051188
0.219905
0.696822
-0.039797
0.267198
0.635426 -0.051144 0.216222 0.647229 -0.049877 0.212796 0.677534 -0.044867 0.238036 0.679671 -0.043473 0.239749
0.000039 0.000003 -0.000019 0.000003 0.000024 -0.000003 -0.000019 -0.000003 0.000049
0.000065 0.000008 0.000006 0.000008 0.000023 0.000000 0.000006 0.000000 0.000025
0.000152 0.000035 0.000200 0.000035 0.000029 0.000053 0.000200 0.000053 0.000328
0.000233 0.000048 0.000278 0.000048 0.000032 0.000062 0.000278 0.000062 0.000408
