3 4
0.595190
0.023914
0.247487
0.683472
0.025335
0.231434
0.640437 0.020718 0.217010 0.593247 0.028487 0.257286 0.632561 0.019378 0.215405 0.665268 0.024228 0.221735
0.000252 0.000044 0.000008 0.000044 0.000034 -0.000001 0.000008 -0.000001 0.000037
0.000157 -0.000052 -0.000306 -0.000052 0.000048 0.000160 -0.000306 0.000160 0.001186
0.000170 0.000031 -0.000028 0.000031 0.000028 -0.000005 -0.000028 -0.000005 0.000046
0.000148 0.000001 0.000087 0.000001 0.000021 -0.000001 0.000087 -0.000001 0.000085
