6 4
0.000000
0.000000
0.504342
0.495658
443.722220 24.224786 -2338.512587 -6806326.641589 -762130.823800 33917909.910595 -0.000340 -1376.894266 -141.846043 754.732101 14518687.578738 3255899.021983 -2015.691956 771.484089 -1989.479316 1898.008376 -278.347945 279.512968 5377.505535 -3833.872147 -323.529738 -113267904.827681 55821362.000708 4785628.411732
3902834.969860 2812373.612942 -3282000.634532 0.000000 0.000000 0.000000 2812373.612942 2026618.949551 -2351823.001942 0.000000 0.000000 0.000000 -3282000.634532 -2351823.001942 10406725.536261 0.000000 0.000000 0.000000 -53680189721.253105 -38675999928.435997 48518667706.602219 0.000000 0.000000 0.000000 -44558754945.588051 -32107615491.014095 38293336513.583672 0.000000 0.000000 0.000000 55941153764.491547 40125340892.068443 -154805960072.962219 0.000000 0.000000 0.000000
0.000000 -1.065891 -0.075971 0.000000 0.000000 0.000000 -1.065891 5755647.818360 -251909.675513 0.000000 0.000000 0.000000 -0.075971 -251909.675513 4698436.483483 0.000000 0.000000 0.000000 -12.800788 330852630.989132 -1867342530.788790 0.000000 0.000000 0.000000 11229.003566 -60433280649.647362 1217691266.959114 0.000000 0.000000 0.000000 1841.842085 3334832422.045542 -94160699642.268982 0.000000 0.000000 0.000000
5825854.921711 -442000.854402 7187719.457832 0.000000 0.000000 0.000000 -442000.854402 9750266.324779 -1073656.320299 0.000000 0.000000 0.000000 7187719.457832 -1073656.320299 19047976.409811 0.000000 0.000000 0.000000 -6568315.563095 -3854673.770009 -9730111.627375 0.000000 0.000000 0.000000 -1411471.931282 -12246585.269848 -692814.128505 0.000000 0.000000 0.000000 -750061.149264 2016509.690756 -3034294.825567 0.000000 0.000000 0.000000
486770.780746 -3064630.830100 -238554.760108 0.000000 0.000000 0.000000 -3064630.830100 19294692.746874 1522864.372729 0.000000 0.000000 0.000000 -238554.760108 1522864.372729 5918920.984873 0.000000 0.000000 0.000000 -12617712174.255409 79408644534.957458 -2296757566.633198 0.000000 0.000000 0.000000 43783379831.628944 -275630260820.311768 -14359353044.025667 0.000000 0.000000 0.000000 7279744812.868382 -46287047389.757057 -129445121955.405685 0.000000 0.000000 0.000000
