6 4
0.326068
0.183193
0.304115
0.186624
-4.115238 1.671047 0.353715 148.170675 -41.974732 3.844118 -1.883909 1.183365 -0.177312 44.513914 -26.943512 3.624171 4.097255 0.074603 -0.957642 -91.727845 0.611691 58.620549 1.234395 -0.203508 -1.354506 0.451846 5.640345 0.826773
0.127302 0.442450 0.237819 0.000000 0.000000 0.000000 0.442450 2.042348 0.617315 0.000000 0.000000 0.000000 0.237819 0.617315 0.693420 0.000000 0.000000 0.000000 -7.086821 -23.430067 -15.054004 0.000000 0.000000 0.000000 -12.448343 -56.535035 -18.021291 0.000000 0.000000 0.000000 -9.238572 -25.997433 -25.199626 0.000000 0.000000 0.000000
1.224577 0.641801 3.047594 0.000000 0.000000 0.000000 0.641801 0.628943 2.225667 0.000000 0.000000 0.000000 3.047594 2.225667 8.942099 0.000000 0.000000 0.000000 -37.427734 -21.435906 -97.077852 0.000000 0.000000 0.000000 -14.510969 -14.243512 -50.371003 0.000000 0.000000 0.000000 -108.261303 -79.437386 -318.462971 0.000000 0.000000 0.000000
3.281647 -0.064782 -1.968697 0.000000 0.000000 0.000000 -0.064782 0.005541 -0.077266 0.000000 0.000000 0.000000 -1.968697 -0.077266 4.649862 0.000000 0.000000 0.000000 -56.603835 2.726457 -14.119936 0.000000 0.000000 0.000000 3.880950 -0.160238 -0.112401 0.000000 0.000000 0.000000 84.293844 1.941970 -158.282659 0.000000 0.000000 0.000000
39.532729 -8.989420 21.028746 0.000000 0.000000 0.000000 -8.989420 2.045978 -4.714880 0.000000 0.000000 0.000000 21.028746 -4.714880 15.794927 0.000000 0.000000 0.000000 -13.324256 2.996021 -9.348944 0.000000 0.000000 0.000000 220.907135 -50.299479 114.393379 0.000000 0.000000 0.000000 23.479055 -5.342852 12.231018 0.000000 0.000000 0.000000
