3 4
0.609495
0.021099
0.225900
0.690722
0.023374
0.230367
0.598620 0.020558 0.229128 0.695813 0.024623 0.252891 0.629675 0.021694 0.215847 0.667168 0.023286 0.220438
0.000035 -0.000001 -0.000022 -0.000001 0.000020 0.000001 -0.000022 0.000001 0.000067
0.000529 0.000011 0.000547 0.000011 0.000021 0.000014 0.000547 0.000014 0.000637
0.000134 0.000007 -0.000026 0.000007 0.000021 -0.000001 -0.000026 -0.000001 0.000039
0.000385 0.000011 0.000163 0.000011 0.000021 0.000005 0.000163 0.000005 0.000099
