6 4
0.500000
0.000000
0.000000
0.500000
-273.852543 68.000743 -257.227514 1462640.920330 -448805.635229 1231729.286540 -1310.279851 -291.646618 -494.187118 5921698.203357 605839.470550 2861294.395600 -1449.158545 -218.094707 -301.581286 8997581.886026 754442.818913 283908.027191 871.699537 -703.841260 -765.658396 5532.671656 30579.299261 5458.613975
9876.868397 -145.589463 -5212.945313 0.000000 0.000000 0.000000 -145.589463 17.503117 -18.630419 0.000000 0.000000 0.000000 -5212.945313 -18.630419 3344.953255 0.000000 0.000000 0.000000 -22708455.633245 532689.198896 10754576.130467 0.000000 0.000000 0.000000 11105006.976924 -197432.599131 -5651389.191134 0.000000 0.000000 0.000000 50081054.811374 -115571.111023 -30303756.677082 0.000000 0.000000 0.000000
164764.873650 79306.696962 -210297.924300 0.000000 0.000000 0.000000 79306.696962 47957.475029 -171749.028595 0.000000 0.000000 0.000000 -210297.924300 -171749.028595 777212.963071 0.000000 0.000000 0.000000 -661716174.972146 -297033582.071601 689675756.311520 0.000000 0.000000 0.000000 -171846757.580917 -104788743.498075 378444743.856552 0.000000 0.000000 0.000000 1325597499.317270 1074346328.837911 -4839506573.095686 0.000000 0.000000 0.000000
18078.722636 -5627.314539 -55650.246908 0.000000 0.000000 0.000000 -5627.314539 32471.017767 -21685.134404 0.000000 0.000000 0.000000 -55650.246908 -21685.134404 256957.684342 0.000000 0.000000 0.000000 -37884402.850392 57260173.003586 14138824.402371 0.000000 0.000000 0.000000 -977322.050976 -85941131.391937 120262669.355410 0.000000 0.000000 0.000000 406361455.369353 149605039.733816 -1851648398.262906 0.000000 0.000000 0.000000
14351.399280 -79060.363286 277669.389003 0.000000 0.000000 0.000000 -79060.363286 971940.901059 -1357335.512368 0.000000 0.000000 0.000000 277669.389003 -1357335.512368 8235282.762271 0.000000 0.000000 0.000000 363010.671612 -6269734.986869 3265145.094660 0.000000 0.000000 0.000000 3225889.010950 -40648427.602597 53668004.566096 0.000000 0.000000 0.000000 412153.958409 -5979024.863833 5485195.397737 0.000000 0.000000 0.000000
