6 4
0.331312
0.403515
0.237524
0.027649
-8.350012 0.012676 4.067540 154.992785 -0.867809 -99.739717 7.481946 -0.490905 -6.370976 -4.738811 2.030717 -1.976391 13.449114 5.901044 -2.663002 -253.293419 -104.684220 83.416432 -4.126637 0.008827 0.603139 70.850863 -1.574810 -29.805378
204.046924 -0.563074 -49.547060 0.000000 0.000000 0.000000 -0.563074 2.372766 0.373685 0.000000 0.000000 0.000000 -49.547060 0.373685 12.095257 0.000000 0.000000 0.000000 -3651.252799 10.780703 886.785174 0.000000 0.000000 0.000000 23.991279 -41.635916 -9.981059 0.000000 0.000000 0.000000 1063.642686 -9.535766 -260.050449 0.000000 0.000000 0.000000
1.370634 3.296114 -4.310469 0.000000 0.000000 0.000000 3.296114 130.444693 -1.644473 0.000000 0.000000 0.000000 -4.310469 -1.644473 91.568390 0.000000 0.000000 0.000000 10.563904 436.942556 -5.260185 0.000000 0.000000 0.000000 -21.263366 -838.477306 7.977558 0.000000 0.000000 0.000000 3.152802 128.758385 -5.082905 0.000000 0.000000 0.000000
40.627012 -44.415954 -6.820756 0.000000 0.000000 0.000000 -44.415954 57.853003 -5.583400 0.000000 0.000000 0.000000 -6.820756 -5.583400 20.048265 0.000000 0.000000 0.000000 -767.596063 793.905210 194.551935 0.000000 0.000000 0.000000 818.920739 -1058.101702 90.610312 0.000000 0.000000 0.000000 255.271146 32.606770 -494.904294 0.000000 0.000000 0.000000
11.050435 -1.438424 -11.134991 0.000000 0.000000 0.000000 -1.438424 41.575645 -3.705721 0.000000 0.000000 0.000000 -11.134991 -3.705721 12.118961 0.000000 0.000000 0.000000 -63.819711 84.438060 51.423809 0.000000 0.000000 0.000000 52.191628 -708.654264 34.194727 0.000000 0.000000 0.000000 198.698813 51.935772 -213.127053 0.000000 0.000000 0.000000
