6 4
0.500000
0.000000
0.000000
0.500000
440.508982 -9325.246196 -7834.052944 3553.927080 4979.479106 -375.210097 -72066.288589 16027.300443 32508.866169 6957602118.216055 -1459674775.675318 -5771749767.436880 40696.362035 -343.084381 30255.618835 -2105058192.330475 424573872.842195 -3254836051.566208 24229.675486 -2896.331701 13571.934281 -1302034999.626583 303083664.101081 -1025578969.185943
248472768.355557 -188260434.277155 -172653520.274387 0.000000 0.000000 0.000000 -188260434.277155 903433855.159244 98626978.666609 0.000000 0.000000 0.000000 -172653520.274387 98626978.666609 187668838.120565 0.000000 0.000000 0.000000 -46521864.938155 261463123.133434 -30173680.506605 0.000000 0.000000 0.000000 115557846.779519 -674438850.619585 -37335472.588223 0.000000 0.000000 0.000000 177176104.335297 89166202.176263 -148929927.912036 0.000000 0.000000 0.000000
544018111.508463 10468605.479838 -547958413.203207 0.000000 0.000000 0.000000 10468605.479838 373850685.662525 -116953007.968884 0.000000 0.000000 0.000000 -547958413.203207 -116953007.968884 868185056.852919 0.000000 0.000000 0.000000 -50968346764116.125000 -2364217221504.104492 49530810621489.140625 0.000000 0.000000 0.000000 -870006693568.737671 -30026956045893.253906 10858029532679.712891 0.000000 0.000000 0.000000 87954038826769.984375 17580094950949.806641 -134959088402545.265625 0.000000 0.000000 0.000000
401482304.703650 625113715.701016 362385636.317701 0.000000 0.000000 0.000000 625113715.701016 1757018526.932926 -201428720.171628 0.000000 0.000000 0.000000 362385636.317701 -201428720.171628 1915737888.905420 0.000000 0.000000 0.000000 -25612556005584.953125 -27719431545789.898438 -53097550577109.296875 0.000000 0.000000 0.000000 -107350873485401.421875 -301737659671937.625000 30127623304388.335938 0.000000 0.000000 0.000000 -52952677660145.984375 10370588726767.492188 -256618260471620.062500 0.000000 0.000000 0.000000
2120260623.125519 -853406961.254410 687894235.426043 0.000000 0.000000 0.000000 -853406961.254410 415274579.101186 -359978002.139974 0.000000 0.000000 0.000000 687894235.426043 -359978002.139974 320004968.054081 0.000000 0.000000 0.000000 -115088199703802.171875 46164763252726.726562 -37154439653786.648438 0.000000 0.000000 0.000000 81134541882974.296875 -39194602113437.648438 33892368702251.300781 0.000000 0.000000 0.000000 -46254337550913.218750 25752792488179.492188 -23320921091264.890625 0.000000 0.000000 0.000000
