6 4
0.673029
0.138311
0.019461
0.169199
1.455391 0.380059 1.195722 0.191232 -1.065211 -0.124308 2.135207 3.669283 -8.215531 131.990825 -66.999573 227.380665 4.022793 -3.558896 -19.046232 -45.532428 80.268309 526.169139 34.258324 1.497553 3.815682 -1125.685380 -30.271041 -111.259506
74.646978 -6.352536 -34.506314 0.000000 0.000000 0.000000 -6.352536 7.381367 0.099281 0.000000 0.000000 0.000000 -34.506314 0.099281 17.440442 0.000000 0.000000 0.000000 -26.238878 11.516439 8.281662 0.000000 0.000000 0.000000 11.921374 -18.052744 1.549516 0.000000 0.000000 0.000000 -17.893386 6.056073 6.374706 0.000000 0.000000 0.000000
82.781914 -49.616098 -153.054469 0.000000 0.000000 0.000000 -49.616098 266.780997 -12.250366 0.000000 0.000000 0.000000 -153.054469 -12.250366 328.922058 0.000000 0.000000 0.000000 496.495446 2730.616941 -2255.056905 0.000000 0.000000 0.000000 1194.577261 -5415.760606 -147.010487 0.000000 0.000000 0.000000 4588.664097 597.379809 -9958.532938 0.000000 0.000000 0.000000
190.759543 -36.560889 43.815424 0.000000 0.000000 0.000000 -36.560889 208.352256 -58.101281 0.000000 0.000000 0.000000 43.815424 -58.101281 51.948516 0.000000 0.000000 0.000000 -5590.838619 1250.210459 -1435.553231 0.000000 0.000000 0.000000 831.559177 -4744.722337 1324.016544 0.000000 0.000000 0.000000 -1200.106725 1619.255510 -1436.741877 0.000000 0.000000 0.000000
31.448988 -12.071796 6.701668 0.000000 0.000000 0.000000 -12.071796 31.522415 1.276433 0.000000 0.000000 0.000000 6.701668 1.276433 106.812045 0.000000 0.000000 0.000000 -1075.780432 364.733877 -1597.067147 0.000000 0.000000 0.000000 251.699737 -657.656690 -48.742689 0.000000 0.000000 0.000000 -225.676307 -44.948617 -3940.915541 0.000000 0.000000 0.000000
