6 4
0.500000
0.000000
0.500000
0.000000
5111.256549 1761.283112 13562.821091 -4039.741871 -3952.476942 -2276.751044 -24862.650448 3987.569491 -1863.579701 854959417.489175 -140688414.916495 10191559.093137 -23205.361653 11004.690129 28045.586706 864592718.478536 -346428719.659128 -1299350741.422301 409.166966 -7188.865244 6860.107810 -37958346.137102 244664143.051074 -215043653.721047
40752919.818636 24887519.743815 68504065.816232 0.000000 0.000000 0.000000 24887519.743815 107739417.410081 17622113.334485 0.000000 0.000000 0.000000 68504065.816232 17622113.334485 474706721.289357 0.000000 0.000000 0.000000 -25607351.247269 6969069.928990 -86904530.853885 0.000000 0.000000 0.000000 -21071415.595853 -64619643.689258 -180330754.358179 0.000000 0.000000 0.000000 1893657.681143 22596320.648866 -170737709.520110 0.000000 0.000000 0.000000
250188080.087432 181565880.500499 -148621611.653709 0.000000 0.000000 0.000000 181565880.500499 136454887.028543 -87946048.757712 0.000000 0.000000 0.000000 -148621611.653709 -87946048.757712 459419712.869983 0.000000 0.000000 0.000000 -8641714869428.370117 -6311339242272.333984 4486521689867.516602 0.000000 0.000000 0.000000 -8241239371813.690430 -6210825077716.993164 3604367538961.047852 0.000000 0.000000 0.000000 4808001574257.914062 2972329565753.354004 -12637340913581.537109 0.000000 0.000000 0.000000
1066558.304860 5120139.600606 17963344.897259 0.000000 0.000000 0.000000 5120139.600606 28030076.448645 46918020.776710 0.000000 0.000000 0.000000 17963344.897259 46918020.776710 833163772.367159 0.000000 0.000000 0.000000 -123458108233.269623 -422468046260.023193 -4376789470987.602051 0.000000 0.000000 0.000000 -197400301433.716675 -1039911113741.434814 -2335533267677.412598 0.000000 0.000000 0.000000 -785562420312.435791 -1925531035704.205566 -38081490491011.640625 0.000000 0.000000 0.000000
19173892.229082 -41768895.469800 29021982.068540 0.000000 0.000000 0.000000 -41768895.469800 97468895.479925 -42228629.318818 0.000000 0.000000 0.000000 29021982.068540 -42228629.318818 119571498.323187 0.000000 0.000000 0.000000 -969668621278.522095 2056721638898.272461 -1668358627234.843994 0.000000 0.000000 0.000000 1428548192722.388428 -3357668973330.746582 1359097945756.317627 0.000000 0.000000 0.000000 -915547835924.776733 1341721692287.517334 -3738104104777.174316 0.000000 0.000000 0.000000
